files <- c("Z:/_Data/LIP1/0000_Test/2016-06-24 - Contamination hunt - part I/Infusion tests/mzML_centroided/IPA_VWR_Boiled.mzML",
           "Z:/_Data/LIP1/0000_Test/2016-06-24 - Contamination hunt - part I/Infusion tests/mzML_centroided/EluentB_IPA1_Boiled.mzML",
           "Z:/_Data/LIP1/0036_SevaMeal/mzML/0036_LIP1p_20160201_034_2_1_1.mzML",
           "Z:/_Data/LIP1/0036_SevaMeal/mzML/0036_LIP1p_20160201_057_36_1_1.mzML"
)
